000104  443   978639.099  0.002
000707  755   978 641.820  0.011
001508  33   978270.244  0.011
010176  19   978789.852  0.011
010276  443   978637.9  0.02
010376  379   978647.47  0.02
010476  522   978605.58  0.02
010576  541.9   978619.73  0.02
010676  534   978620.63  0.03
010776  576   978617.41  0.02
010876  602   978639.74  0.02
010976  771   978636.56  0.02
011076  786   978635.37  0.02
011176  756   978627.28  0.02
011276  737   978613.54  0.03
011376  688   978626.61  0.02
011476  731   978589.14  0.02
011576  578   978587.58  0.03
011676  620   978553.11  0.03
011776  557   978546.54  0.02
011876  789   978475.9  0.02
011976  490   978509.4  0.02
012076  555   978507.14  0.03
012176  598.6   978467.16  0.02
012276  568   978426.96  0.02
012376  747   978356.26  0.02
012476  796   978345.68  0.03
012576  797   978345.68  0.03
012676  989   978311.4  0.02
012776  967   978311.94  0.03
012876  888   978332.01  0.02
012976  1043   978314.84  0.02
013076  666   978379.63  0.02
013176  761   978371.97  0.03
013276  626   978386.86  0.03
013376  854   978381.93  0.02
013476  891   978368.57  0.02
013576  779   978385.56  0.02
013676  832   978378.37  0.02
013776  901   978415.88  0.02
013876  990.8   978400.12  0.02
013976  991   978399.62  0.03
014076  1161   978394.69  0.02
014176  836   978485.11  0.02
014276  675   978550.15  0.02
014376  690   978549.1  0.02
014476  264   978655.56  0.02
014578  922   978473.38  0.02
014678  909   978476.65  0.03
014778  881   978486.24  0.02
014878  885   978484.61  0.03
014978  916   978432.93  0.02
015078  904   978434.83  0.03
015178  904   978445.48  0.02
015278  906   978445.28  0.03
015378  605   978526.21  0.02
015478  605   978527.62  0.03
015578  1194   978391.31  0.02
015678  1187   978394.07  0.03
015778  836   978401.34  0.02
015878  832   978401.66  0.03
016080  12   978791.68  0.02
016383  4   978782.93  0.02
020177  928   978279.98  0.02
020277  929   978279.71  0.02
020377  848   978293.77  0.02
020477  724   978297.57  0.03
020577  723   978297.59  0.03
020677  742   978250.76  0.02
020777  738   978247.29  0.03
020877  742   978250.64  0.03
020977  735   978225.71  0.02
021077  743   978215.2  0.02
021177  779   978218.82  0.02
021277  1076   978139.41  0.02
021377  1008   978156.11  0.02
021477  1028   978090.36  0.02
021577  1050   978084.53  0.01
021677  1007   978088.35  0.02
021777  1225   978099.83  0.02
021877  831   978262.12  0.02
021977  831   978261.94  0.03
022077  825   978263.31  0.03
022177  1177   978109.8  0.02
022277  1222   978099.9  0.02
022377  675   978250.78  0.02
022477  696   978253.52  0.03
022577  670   978253.79  0.03
022677  775   978259.88  0.02
022777  762   978262.04  0.03
022877  776   978260.45  0.03
022977  836   978264.84  0.02
023077  835   978276.93  0.02
023177  923   978279.53  0.02
023277  824.35   978279.32  0.02
023377  623   978343.51  0.02
023477  621   978349.55  0.03
023577  622   978345.81  0.03
023677  754   978364.65  0.03
023777  759.5   978362.84  0.03
023877  759   978363.07  0.02
023977  720   978298.5  0.02
024077  1008   978156.11  0.02
024177  1153   978065.27  0.02
030178  102   978131.57  0.02
030278  97   978130.85  0.02
030378  98   978130.48  0.03
030478  102   978131.69  0.02
030578  97   978128.82  0.02
030678  61   978076.61  0.02
030778  140   978104.39  0.02
030878  153   978142.76  0.02
030978  160   978138.99  0.02
031078  175   978134.51  0.03
031178  178   978134.9  0.03
031278  264   978155.14  0.02
031378  205   978088.74  0.02
031478  118   978065.95  0.02
031578  146   978077.72  0.02
031678  205   978103.17  0.03
031778  146   978077.26  0.03
031878  38   978000.2  0.03
031978  76   978006.15  0.02
032078  81   978016.09  0.02
032178  21   978021.87  0.02
032278  75   978006.15  0.02
032378  69   978026.59  0.02
032478  70   978018.89  0.02
032578  69   978018.99  0.02
032678  21   978021.77  0.02
032778  186   978027.12  0.02
032878  136   978012.21  0.02
032978  79   978015.3  0.02
033078  136   978013.94  0.02
033178  43   977989.18  0.02
033378  -11   978027.9  0.02
033478  7   978003.29  0.02
033578  93.03   978065.43  0.02
033678  49   978089.93  0.02
033778  226   977937.87  0.02
033878  -6   978028.25  0.02
033978  52   978039.61  0.03
034082  528   978010.92  0.02
034184  57   978030.75  0.03
034284  57   978030.76  0.02
034384  99   978059.53  0.02
034484  96   978050.65  0.02
034591  61   978001.09  0.02
040178  476   978300.88  0.02
040278  492   978296.09  0.03
040378  644   978231.55  0.02
040478  620   978236.22  0.03
040578  554   978191.69  0.03
040678  558   978174.8  0.03
040778  560   978141.77  0.03
040878  400   978165.17  0.03
040978  912   978110.92  0.02
041078  578   978249.82  0.03
041178  325   978392.47  0.02
041278  95   978462.34  0.03
041378  -4   978511.48  0.03
041478  30.3   978553.442  0.008
041578  159   978458.17  0.03
041678  515   978399.35  0.02
041778  24   978588.43  0.03
041878  -4   978641.82  0.03
041978  -4   978638.35  0.04
042078  21   978640.22  0.03
042178  14   978717.402  0.008
042278  -4   978758.9  0.03
042378  0.5   978785.31  0.02
042478  9   978783.21  0.03
050179  206   978253.12  0.02
050279  254   978160.81  0.02
050379  799   978016.25  0.03
050479  403   978095.78  0.03
050579  437   978105.31  0.02
050685  437   978105.25  0.03
060179  528   978192.68  0.02
060279  508   978188.17  0.03
060379  385   978197  0.03
060479  276   978152.61  0.03
060579  340   978091.96  0.03
060679  211   978147.86  0.03
060779  306   978136.9  0.03
060879  672   978036.27  0.03
060979  758   978016.88  0.02
061079  747.2   978061.82  0.03
061179  493   978153.93  0.02
061279  904   978104.78  0.02
061380  488   978154.8  0.03
061480  211   978148.12  0.03
070179  160   978353.9  0.02
070279  178   978347.28  0.03
070379  217   978359.85  0.02
070479  753   978246.7  0.03
070579  746   978258.97  0.03
070679  774   978284.68  0.03
070779  714   978289.4  0.02
070881  184   978350.96  0.02
080179  370   978076.94  0.03
080279  223.2   978067.36  0.03
080379  207   978049.18  0.03
080479  204   978014.59  0.03
080579  121   978022.03  0.03
080679  157   978031.17  0.03
080779  98   978004.01  0.03
080879  123   978025.18  0.03
080979  60   977991.75  0.02
081079  22   978027.24  0.02
081179  -13   978022.24  0.02
081279  -7   978019.43  0.02
081379  -12.54   978019.04  0.03
081481  -12.5   978018.85  0.02
090180  223   978197.85  0.009
090280  7.1   978311.37  0.03
090380  -3   978329.41  0.03
090480  292   978150.17  0.03
090580  532   978031.82  0.02
090680  374.1   978041.01  0.02
090780  347   978045.55  0.02
090880  191   978018.82  0.02
090980  291   977975.18  0.02
091080  178   977980.75  0.02
091180  44.3   978017.37  0.01
091280  45   978017.5  0.02
091381  44   978014.39  0.02
091481  33   978006.81  0.02
091581  -5   978012.39  0.03
091681  -9.1   977988.06  0.03
091781  1   978011.17  0.03
091881  -12   978030.49  0.03
091981  -5   978020.03  0.02
092088  45   978017.48  0.02
100181  556   977968.72  0.02
100281  436.5   977964.2  0.03
100381  288   978019.23  0.03
100481  172   978033.06  0.03
100581  236   978033.98  0.03
100681  235   978033.94  0.03
100781  547   977984.26  0.03
100881  2.3   978151.26  0.03
100984  3   978151.32  0.03
101084  176   978031.98  0.04
101109  35.42   978161.716  0.031
110181  564   978512.51  0.03
110281  503   978518.9  0.03
110381  409.7   978559.61  0.03
110481  419   978579.98  0.03
110581  471   978596.78  0.03
110681  271   978627.24  0.03
110781  430   978595.35  0.03
110881  413   978578.18  0.03
110981  541   978495.07  0.03
111081  639   978407.23  0.03
111181  201   978485.99  0.03
111281  517   978366.81  0.03
120181  442   978627.19  0.03
120281  665   978618.62  0.03
120382  483   978680.74  0.03
120482  339   978739.31  0.03
120582  258   978795.32  0.03
120682  336   978791.44  0.03
120782  785   978732.81  0.03
120882  851   978708.33  0.03
120982  1108   978670  0.02
121082  945   978713.29  0.02
121182  938   978753.54  0.02
121282  900   978763.47  0.02
121382  168   978835.75  0.02
121482  704   978670.44  0.02
121582  598   978652.67  0.02
121682  417   978832.16  0.03
121782  184   978906.45  0.04
130182  8   979015.2  0.02
130282  2   979049.79  0.02
130382  8   979112.44  0.02
130482  9   979105.43  0.03
130582  4   979163.81  0.03
130682  47   979146.09  0.03
130782  48   979145.91  0.03
130882  20   979220.97  0.03
130982  20   979220.93  0.03
131082  19   979276.19  0.03
131182  55   979304.96  0.02
131282  8   979304.96  0.03
131382  50   979246.88  0.02
131482  734   979049.27  0.02
131582  611   979042  0.02
131682  612   979041.43  0.03
131782  511   979012.48  0.03
131882  242   979001.47  0.03
131982  692   978864.69  0.03
132082  692   978864.53  0.03
132182  836   978803.51  0.03
132282  553   978849.65  0.03
132382  514   978809.65  0.03
132487  4   979049.79  0.05
140183  337   979108.2  0.02
140283  267   979118.53  0.02
140383  104   979183.52  0.02
140483  72   979242.87  0.02
140583  74   979292.59  0.02
140683  88   979290.1  0.03
140783  106   979278.73  0.03
140883  128   979315.65  0.03
140983  139   979313.52  0.03
141083  198   979349.76  0.03
141183  222   979344.49  0.02
141283  157   979384.38  0.02
141383  216   979388.39  0.02
141483  451   979362.62  0.02
141583  20   979466.59  0.02
141683  14   979468  0.03
141783  22   979536.94  0.02
141883  26   979655.74  0.02
141983  23   979645.51  0.03
142083  65   979389.73  0.03
150184  50   978239.55  0.03
150284  53   978210.74  0.03
150384  131   978241.07  0.03
150484  43   978238.73  0.03
150584  1   978208.09  0.03
150684  -1   978199.19  0.03
150784  1   978199.83  0.03
150884  5   978177.96  0.03
150984  -3   978200.84  0.03
151084  168   978155.81  0.03
151184  4   978152.15  0.03
151284  47   978160.22  0.03
151384  105   978127.26  0.03
151484  6   978141.66  0.04
151584  88   978144.29  0.03
151684  103   978126.65  0.03
151784  91.69   978128.91  0.03
151884  24   978158.14  0.03
160184  152   978030.08  0.03
160284  359   977976.01  0.03
160384  240   977984.3  0.03
160484  215   978006.39  0.03
160584  285   977991.5  0.03
160684  229   977994.1  0.02
160784  307   977993.84  0.02
160884  93   978037.52  0.02
160984  84   978019.55  0.02
161085  92   978037.52  0.02
170184  106   977998.15  0.02
170284  144   978002.28  0.02
170384  761   977872.65  0.02
170484  56   978006.59  0.03
170584  243   977985.89  0.03
170684  12   978067.97  0.03
170784  18   978065.74  0.03
170884  65   978055.49  0.03
170984  175.1   978037.02  0.03
171084  182   978022.67  0.03
171184  235   978006.44  0.03
171284  306.49   977983.07  0.03
171384  206.2   977994.25  0.03
171484  143   978029.58  0.03
171584  265   978016.1  0.03
171669  16   978067.83  0.05
180185  246   978010.6  0.02
180285  252   978032.28  0.02
180385  240   978012.69  0.02
180485  272   978034.2  0.03
180585  273   978074.02  0.03
180685  466   978039.18  0.03
180785  423   978083.67  0.03
180885  454   978062.82  0.03
180985  473   978035.8  0.03
181085  478   978063.26  0.02
181187  422   978083.77  0.03
190185  676   978045.48  0.03
190285  457   978084.72  0.03
190385  522   978113.76  0.03
190485  447   978163.73  0.03
190585  645   978150.71  0.03
190685  548   978161.82  0.03
190785  499   978174.92  0.03
190885  442   978200.79  0.03
190985  441   978223.94  0.03
191085  443   978254.81  0.03
191185  769   978180.53  0.03
191285  788   978189.26  0.03
200186  21   978062.75  0.03
200286  -2   978090.12  0.03
200386  10   978078.466  0.011
200486  40   978080.58  0.04
200586  194   978033.19  0.04
200686  113   978070.99  0.04
200786  41   978100.13  0.04
200886  -2   978117.26  0.04
200986  0   978111.38  0.04
201086  43   978135.54  0.04
201186  44   978134.94  0.04
201286  9   978151.33  0.04
201310  9.53   978240.66  0.06
201410  18.03   978236.72  0.06
201510  10.46   978240.404  0.06
201611  93.01   978283.453  0.027
201711  60.44   978292.841  0.027
210186  127.2   978382.85  0.03
210286  127   978382.99  0.03
210386  167   978385.93  0.03
210486  266   978302.52  0.03
210586  700   978152.1  0.03
210686  604   978134.6  0.03
210786  604   978130.16  0.04
210886  564   978172.71  0.03
210986  209   978208.21  0.03
211086  210   978207.71  0.03
211186  152   978158.18  0.03
211286  170   978159.33  0.02
211386  180   978184.66  0.03
211486  132   978162.84  0.03
211586  113   978141.25  0.03
220187  318.85   978111.65  0.03
220287  313.79   978109.8  0.03
220387  422.61   978077.71  0.03
230187  318.64   978088.04  0.03
230287  322   978018.53  0.03
230387  361.69   978026.96  0.03
240187  356   978041.98  0.03
240287  342.76   978024.15  0.03
240387  314.75   978050.64  0.03
240487  310.86   978059.37  0.03
240587  307.44   978063.59  0.04
240687  232.7   978083.53  0.04
240787  248.57   978083.78  0.04
240887  277.63   978075.16  0.04
240987  256.45   978122.21  0.03
241087  255.95   978122.37  0.04
260187  -2.87   978511.3  0.03
260287  107   978453.24  0.03
260387  10.79   978446.67  0.03
260487  177.86   978379.69  0.03
260587  171.15   978343.6  0.03
260687  46.77   978362.58  0.03
260787  46.31   978362.57  0.03
260887  -4.2   978446.12  0.03
260987  268.82   978267.25  0.03
261087  153.58   978250.34  0.03
261187  202   978215.71  0.03
270188  -7   978042.8  0.02
270288  -7.12   978045.67  0.02
270388  56   978019.01  0.02
270488  60   978024.08  0.03
270588  142.29   978027.81  0.02
270688  -0.05   977975.64  0.02
270788  1.27   977979.58  0.02
270888  25.81   977963.77  0.02
270988  25.81   977988.74  0.02
271088  -13.82   978023.03  0.02
271188  85   977961.06  0.02
271288  72   977967.65  0.02
271388  191.71   977999.5  0.02
271488  183.34   978124.84  0.02
271588  178   978125.26  0.02
271688  150.07   978028.51  0.03
271788  159   978097.06  0.02
280191  11.43   978057.17  0.02
280291  39   977995.3  0.03
280391  37.09   978070.3  0.02
280491  84.31   978080.85  0.02
280591  164.43   978256.21  0.02
280691  80.07   978025.4  0.02
280791  12.47   978083.57  0.02
290191  67.92   978011.65  0.02
290291  55.91   978029.11  0.02
290391  50.37   978015.86  0.02
290491  87.41   978014.52  0.03
290691  73.15   978007.83  0.02
290791  67.83   978020.72  0.02
290891  83.68   977959.09  0.02
290991  924.36   977813.23  0.01
300194  454   978215.3  0.03
300294  352.2   978225.26  0.03
300394  369.99   978082.36  0.03
300494  240.42   978093.64  0.03
300594  276.12   978114.75  0.03
300694  282.16   978115.51  0.03
300794  258.52   978163.9  0.03
300894  258.52   978164.05  0.03
300994  445.48   978139.62  0.03
301094  334.69   978151.92  0.03
301194  106.62   978092.61  0.03
301294  170.09   978125.28  0.03
310194  102   978490.72  0.03
310294  144   978555.63  0.04
310394  144   978558.89  0.04
310594  120   978140.96  0.03
310694  152   978203.62  0.04
310894  265   978154.98  0.03
CAL01  3   978768.84  0.015
CAL02  477   978601.078  0.006
CAL03  1232   978419.483  0.009
CAL04  1672   978325.514  0.008
CAL05  2452   978163.000  0.008
IfE152  865   978563.728  0.008
IfE162  910   978760.387 0.0021