000104  22 24 07.9 S  43 39 06.9 O  443  978639.099  0.002
000707  23 33 34 S  46 44 00 O  755  978 641.820  0.011
001508  12 47 31.8 S  38 25 56.0 O  33  978270.244  0.011
010176  22 53 44 S  43 13 24 O  19  978789.852  0.011
010276  22 23 58 S  43 39 08 O  443  978637.9  0.02
010376  22 32 39 S  44 10 25 O  379  978647.47  0.02
010476  22 32 15 S  44 46 26 O  522  978605.58  0.02
010576  22 49 01 S  45 11 32 O  541.9  978619.73  0.02
010676  22 49 00 S  45 11 33 O  534  978620.63  0.03
010776  23 01 00.0 S  45 33 32.0 O  576  978617.41  0.02
010876  23 10 48.9 S  45 53 15.6 O  602  978639.74  0.02
010976  23 35 07.3 S  46 36 35 O  771  978636.56  0.02
011076  23 33 00 S  46 38 18 O  786  978635.37  0.02
011176  23 26 18 S  46 28 36 O  756  978627.28  0.02
011276  23 11 23.3 S  46 53 19.9 O  737  978613.54  0.03
011376  23 00 43 S  47 08 25 O  688  978626.61  0.02
011476  22 53 24.7 S  47 04 36.6 O  731  978589.14  0.02
011576  22 33 40.2 S  47 24 05.4 O  578  978587.58  0.03
011676  22 11 02.7 S  47 23 06.3 O  620  978553.11  0.03
011776  21 51 12.3 S  47 28 50.3 O  557  978546.54  0.02
011876  21 20 25.2 S  47 43 47.4 O  789  978475.9  0.02
011976  21 10 39.7 S  47 48 37.6 O  490  978509.4  0.02
012076  21 11 06 S  47 48 31 O  555  978507.14  0.03
012176  20 20 17.2 S  47 47 0.4 O  598.6  978467.16  0.02
012276  20 02 20 S  47 44 51 O  568  978426.96  0.02
012376  19 47 00 S  47 56 00 O  747  978356.26  0.02
012476  19 46 00 S  47 57 36 O  796  978345.68  0.03
012576  19 46 00 S  47 57 36 O  797  978345.68  0.03
012676  19 35 33 S  46 56 26 O  989  978311.4  0.02
012776  19 34 48 S  46 56 54 O  967  978311.94  0.03
012876  19 28 26 S  46 31 44 O  888  978332.01  0.02
012976  19 41 46 S  46 10 17 O  1043  978314.84  0.02
013076  19 48 05 S  45 41 09 O  666  978379.63  0.02
013176  19 44 11 S  45 15 08 O  761  978371.97  0.03
013276  19 52 12 S  44 36 30 O  626  978386.86  0.03
013376  19 58 04 S  44 11 54 O  854  978381.93  0.02
013476  19 55 58 S  43 56 17 O  891  978368.57  0.02
013576  19 54 36 S  43 56 00 O  779  978385.56  0.02
013676  19 55 00 S  43 56 02 O  832  978378.37  0.02
013776  20 30 12 S  45 51 00 O  901  978415.88  0.02
013876  20 39 36.6 S  43 47 09.4 O  990.8  978400.12  0.02
013976  20 39 48 S  43 47 30 O  991  978399.62  0.03
014076  21 13 36.8 S  43 46 39.8 O  1161  978394.69  0.02
014176  21 27 24 S  43 33 11 O  836  978485.11  0.02
014276  21 44 52 S  43 21 38 O  675  978550.15  0.02
014376  21 45 51 S  43 21 01 O  690  978549.1  0.02
014476  22 07 00 S  43 12 33 O  264  978655.56  0.02
014578  21 33 25 S  45 26 12 O  922  978473.38  0.02
014678  21 33 22 S  45 26 04 O  909  978476.65  0.03
014778  21 58 45 S  44 56 07 O  881  978486.24  0.02
014878  21 58 54 S  44 55 48 O  885  978484.61  0.03
014978  21 14 43 S  44 59 59 O  916  978432.93  0.02
015078  21 14 33 S  44 59 58 O  904  978434.83  0.03
015178  21 08 20.0 S  44 15 41.3 O  904  978445.48  0.02
015278  21 08 00 S  44 15 00 O  906  978445.28  0.03
015378  21 28 06.6 S  47 00 13.3 O  605  978526.21  0.02
015478  21 28 05 S  47 00 17 O  605  978527.62  0.03
015578  21 47 28.5 S  46 33 50.6 O  1194  978391.31  0.02
015678  21 47 13 S  46 34 22 O  1187  978394.07  0.03
015778  20 27 51.0 S  45 25 37.0 O  836  978401.34  0.02
015878  20 27 38 S  45 25 55 O  832  978401.66  0.03
016080  22 53 43.8 S  43 13 31.5 O  12  978791.68  0.02
016383  22 53 46 S  43 13 24 O  4  978782.93  0.02
020177  18 53 13.0 S  48 13 48.0 O  928  978279.98  0.02
020277  18 53 24.0 S  48 13 50.5 O  929  978279.71  0.02
020377  18 55 24.9 S  48 17 19.3 O  848  978293.77  0.02
020477  18 52 12 S  48 52 48 O  724  978297.57  0.03
020577  18 52 12 S  48 52 48 O  723  978297.59  0.03
020677  17 43 52 S  49 06 16 O  742  978250.76  0.02
020777  17 43 54 S  49 06 03 O  738  978247.29  0.03
020877  17 43 48 S  49 06 06 O  742  978250.64  0.03
020977  16 38 12 S  49 13 18 O  735  978225.71  0.02
021077  16 40 00 S  49 16 00 O  743  978215.2  0.02
021177  16 37 01.0 S  49 12 24.0 O  779  978218.82  0.02
021277  16 21 15 S  48 55 50 O  1076  978139.41  0.02
021377  16 19 41 S  48 57 26 O  1008  978156.11  0.02
021477  15 53 11 S  47 57 38 O  1028  978090.36  0.02
021577  15 52 06 S  47 55 30 O  1050  978084.53  0.01
021677  15 45 44.8 S  47 52 02.2 O  1007  978088.35  0.02
021777  16 45 16 S  47 36 19 O  1225  978099.83  0.02
021877  18 10 17.0 S  47 57 07.5 O  831  978262.12  0.02
021977  18 10 15 S  47 57 05 O  831  978261.94  0.03
022077  18 10 00 S  47 56 48 O  825  978263.31  0.03
022177  16 46 07.9 S  47 36 50.3 O  1177  978109.8  0.02
022277  16 46 07 S  47 36 49 O  1222  978099.9  0.02
022377  17 13 20 S  46 52 29 O  675  978250.78  0.02
022477  17 13 26 S  46 52 02 O  696  978253.52  0.03
022577  17 13 00 S  46 52 18 O  670  978253.79  0.03
022677  17 44 52 S  46 10 27 O  775  978259.88  0.02
022777  17 44 35.1 S  46 10 24.2 O  762  978262.04  0.03
022877  17 44 24 S  46 10 00 O  776  978260.45  0.03
022977  17 59 24 S  45 36 22 O  836  978264.84  0.02
023077  18 35 30 S  46 30 00 O  835  978276.93  0.02
023177  18 34 44 S  46 31 05 O  923  978279.53  0.02
023277  18 35 22.1 S  46 31 00.9 O  824.35  978279.32  0.02
023377  18 43 52 S  44 52 31 O  623  978343.51  0.02
023477  18 45 29 S  44 53 56 O  621  978349.55  0.03
023577  18 44 45 S  44 53 17 O  622  978345.81  0.03
023677  19 27 57 S  44 14 48 O  754  978364.65  0.03
023777  19 27 46 S  44 14 46 O  759.5  978362.84  0.03
023877  19 27 48 S  44 14 48 O  759  978363.07  0.02
023977  18 52 14 S  48 52 51 O  720  978298.5  0.02
024077  16 19 33 S  48 58 05 O  1008  978156.11  0.02
024177  15 55 36.1 S  47 49 59.9 O  1153  978065.27  0.02
030178  08 42 12 S  63 53 54 O  102  978131.57  0.02
030278  08 44 26.0 S  63 54 09.0 O  97  978130.85  0.02
030378  08 45 45.4 S  63 54 13.3 O  98  978130.48  0.03
030478  08 42 54.3 S  63 53 56.4 O  102  978131.69  0.02
030578  08 45 00 S  63 55 00 O  97  978128.82  0.02
030678  06 31 54 S  64 22 54 O  61  978076.61  0.02
030778  07 40 00 S  66 58 06 O  140  978104.39  0.02
030878  09 03 54 S  68 39 42 O  153  978142.76  0.02
030978  09 56 24 S  67 49 24 O  160  978138.99  0.02
031078  09 58 29 S  67 48 36 O  175  978134.51  0.03
031178  09 58 22.0 S  67 48 35.0 O  178  978134.9  0.03
031278  11 00 39 S  68 44 53 O  264  978155.14  0.02
031378  07 40 12 S  72 41 54 O  205  978088.74  0.02
031478  05 07 00 S  72 49 00 O  118  978065.95  0.02
031578  06 38 12 S  69 52 51 O  146  978077.72  0.02
031678  07 37 52 S  72 40 12 O  205  978103.17  0.03
031778  06 40 00.0 S  69 51 57.0 O  146  978077.26  0.03
031878  03 04 11.9 S  60 03 00 O  38  978000.2  0.03
031978  03 08 42.0 S  60 05 00.0 O  76  978006.15  0.02
032078  03 08 07.0 S  60 01 32.0 O  81  978016.09  0.02
032178  01 27 43 S  61 37 59 O  21  978021.87  0.02
032278  03 08 44.0 S  59 59 33.6 O  75  978006.15  0.02
032378  02 51 12.0  60 39 39.2 O  69  978026.59  0.02
032478  02 49 29.9  60 40 12.1 O  70  978018.89  0.02
032578  02 49 30  60 40 18 O  69  978018.99  0.02
032678  01 29 36.0 S  61 40 00.0 O  21  978021.77  0.02
032778  00 23 30  65 03 42 O  186  978027.12  0.02
032878  00 08 59.0  66 59 23.0 O  136  978012.21  0.02
032978  01 11 29  66 50 09 O  79  978015.3  0.02
033078  00 07 36  67 04 36 O  136  978013.94  0.02
033178  00 15 18  69 45 42 O  43  977989.18  0.02
033378  02 24 54 S  54 42 36 O  -11  978027.9  0.02
033478  04 16 37.0 S  55 59 11.0 O  7  978003.29  0.02
033578  06 14 06.0 S  57 46 31.0 O  93.03  978065.43  0.02
033678  07 13 36 S  60 38 48 O  49  978089.93  0.02
033778  02 11 42  55 43 48 O  226  977937.87  0.02
033878  02 24 54 S  54 42 36 O  -6  978028.25  0.02
033978  02 25 03.0 S  54 43 45.0 O  52  978039.61  0.03
034082  09 20 12.0 S  54 57 54 O  528  978010.92  0.02
034184  03 20 58 S  64 42 21 O  57  978030.75  0.03
034284  03 20 58 S  64 42 21 O  57  978030.76  0.02
034384  04 52 50.0 S  66 53 50.0 O  99  978059.53  0.02
034484  04 15 03.0 S  69 56 20.0 O  96  978050.65  0.02
034591  03 01 48.0 S  60 02 17.9 O  61  978001.09  0.02
040178  17 20 54.9 S  44 57 00.9 O  476  978300.88  0.02
040278  17 19 00 S  44 55 30 O  492  978296.09  0.03
040378  16 43 43.9 S  43 51 49.7 O  644  978231.55  0.02
040478  16 43 18.7 S  43 51 55.5 O  620  978236.22  0.03
040578  15 44 35.9 S  43 01 41.9 O  554  978191.69  0.03
040678  14 55 39.9 S  42 48 58.5 O  558  978174.8  0.03
040778  14 30 34.0 S  42 13 04.5 O  560  978141.77  0.03
040878  14 12 16.7 S  41 39 48.3 O  400  978165.17  0.03
040978  14 50 53 S  40 50 21 O  912  978110.92  0.02
041078  16 13 24.7 S  41 28 31.4 O  578  978249.82  0.03
041178  17 52 00 S  41 30 00 O  325  978392.47  0.02
041278  17 50 21 S  40 21 14 O  95  978462.34  0.03
041378  17 38 05 S  39 14 59 O  -4  978511.48  0.03
041478  18 42 50.7 S  39 51 24.4 O  30.3  978553.442  0.008
041578  18 51 21 S  41 56 21 O  159  978458.17  0.03
041678  19 46 03 S  43 02 07 O  515  978399.35  0.02
041778  19 23 57 S  40 03 44 O  24  978588.43  0.03
041878  20 18 40.0 S  40 21 17.0 O  -4  978641.82  0.03
041978  20 15 27 S  40 17 18 O  -4  978638.35  0.04
042078  20 50 55.8 S  41 06 44.4 O  21  978640.22  0.03
042178  21 42 03.8 S  41 18 29.4 O  14  978717.402  0.008
042278  22 22 35 S  41 46 35 O  -4  978758.9  0.03
042378  22 52 53 S  43 06 32 O  0.5  978785.31  0.02
042478  22 52 54 S  43 05 30 O  9  978783.21  0.03
050179  13 51 28 S  40 05 03 O  206  978253.12  0.02
050279  12 32 03.3 S  40 18 36.7 O  254  978160.81  0.02
050379  12 25 07 S  41 46 12 O  799  978016.25  0.03
050479  12 11 07.9 S  43 13 15.5 O  403  978095.78  0.03
050579  12 08 55.7 S  45 00 00.9 O  437  978105.31  0.02
050685  12 08 49 S  44 59 50 O  437  978105.25  0.03
060179  15 18 47 S  49 35 32 O  528  978192.68  0.02
060279  14 31 29 S  49 08 27 O  508  978188.17  0.03
060379  13 26 05.6 S  49 08 38.4 O  385  978197  0.03
060479  11 43 33 S  49 04 14 O  276  978152.61  0.03
060579  10 45 42 S  48 57 18 O  340  978091.96  0.03
060679  10 42 26 S  48 24 48 O  211  978147.86  0.03
060779  11 42 23 S  47 43 30 O  306  978136.9  0.03
060879  11 37 35.0 S  46 49 08.0 O  672  978036.27  0.03
060979  12 05 47 S  45 50 07 O  758  978016.88  0.02
061079  12 47 36.9 S  45 57 06.2 O  747.2  978061.82  0.03
061179  14 28 47.8 S  46 29 31.2 O  493  978153.93  0.02
061279  15 32 29.0 S  47 20 09.0 O  904  978104.78  0.02
061380  14 29 05 S  46 29 42 O  488  978154.8  0.03
061480  10 42 12 S  48 24 42 O  211  978148.12  0.03
070179  15 36 53 S  56 06 20 O  160  978353.9  0.02
070279  15 35 49.5 S  56 05 44.7 O  178  978347.28  0.03
070379  16 28 16.9 S  54 37 55.0 O  217  978359.85  0.02
070479  16 56 38.0 S  53 31 40.1 O  753  978246.7  0.03
070579  17 34 15 S  52 33 07 O  746  978258.97  0.03
070679  17 52 32.0 S  51 43 43.0 O  774  978284.68  0.03
070779  17 47 52 S  50 55 43 O  714  978289.4  0.02
070881  15 30 48 S  56 06 18 O  184  978350.96  0.02
080179  10 10 22.3 S  48 53 15.1 O  370  978076.94  0.03
080279  08 50 10.2 S  48 30 41.0 O  223.2  978067.36  0.03
080379  08 03 28 S  48 28 37 O  207  978049.18  0.03
080479  07 11 36 S  48 12 39 O  204  978014.59  0.03
080579  06 33 37.8 S  47 27 45.8 O  121  978022.03  0.03
080679  07 19 00 S  47 28 00 O  157  978031.17  0.03
080779  5  31 47.4 S  47 29 29.8 O  98  978004.01  0.03
080879  04 26 18 S  47 31 54 O  123  978025.18  0.03
080979  02 59 45.0 S  47 21 19.0 O  60  977991.75  0.02
081079  01 20 58.9 S  47 34 34.0 O  22  978027.24  0.02
081179  01 26 12 S  48 29 42 O  -13  978022.24  0.02
081279  01 24 15.0 S  48 26 46.0 O  -7  978019.43  0.02
081379  01 25 18 S  48 27 36 O  -12.54  978019.04  0.03
081481  01 25 18 S  48 27 36 O  -12.5  978018.85  0.02
090180  12 15 18.3 S  38 57 54.3 O  223  978197.85  0.009
090280  12 58 16.0 S  38 30 48.0 O  7.1  978311.37  0.03
090380  12 55 18 S  38 19 48 O  -3  978329.41  0.03
090480  11 27 54 S  39 47 30 O  292  978150.17  0.03
090580  10 27 43 S  40 11 19 O  532  978031.82  0.02
090680  09 23 55.5 S  40 30 01.3 O  374.1  978041.01  0.02
090780  08 08 34.8 S  41 08 55.0 O  347  978045.55  0.02
090880  07 04 59.9 S  41 27 59.4 O  191  978018.82  0.02
090980  06 24 08.6 S  41 44 29.0 O  291  977975.18  0.02
091080  05 48 59 S  42 30 49 O  178  977980.75  0.02
091180  05 05 42.5 S  42 48 47.4 O  44.3  978017.37  0.01
091280  05 04 36 S  42 49 24 O  45  978017.5  0.02
091381  04 51 49.4 S  43 21 45.4 O  44  978014.39  0.02
091481  04 33 25.4 S  43 59 37.4 O  33  978006.81  0.02
091581  04 13 42 S  44 46 32 O  -5  978012.39  0.03
091681  03 36 23 S  45 20 30.1 O  -9.1  977988.06  0.03
091781  02 48 11.2 S  45 42 11.9 O  1  978011.17  0.03
091881  01 47 51.0 S  46 18 47.9 O  -12  978030.49  0.03
091981  01 12 42.0 S  47 11 43.0 O  -5  978020.03  0.02
092088  05 04 36 S  42 49 24 O  45  978017.48  0.02
100181  07 04 29.5 S  40 22 35.3 O  556  977968.72  0.02
100281  07 13 29.7 S  39 24 59.3 O  436.5  977964.2  0.03
100381  06 53 16 S  38 33 23 O  288  978019.23  0.03
100481  06 46 15 S  37 48 00 O  172  978033.06  0.03
100581  07 01 41 S  37 16 35 O  236  978033.98  0.03
100681  07 01 25 S  37 16 41 O  235  978033.94  0.03
100781  07 13 12 S  35 52 51 O  547  977984.26  0.03
100881  08 07 59.2 S  34 55 03.9 O  2.3  978151.26  0.03
100984  08 08 03 S  34 55 05 O  3  978151.32  0.03
101084  06 46 15 S  37 48 01 O  176  978031.98  0.04
101109  08 03 47.3 S  34 52 16.1 O  35.42  978161.716  0.031
110181  20 57 00.7 S  48 28 43.7 O  564  978512.51  0.03
110281  20 49 03 S  49 22 29 O  503  978518.9  0.03
110381  21 25 16 S  50 04 30 O  409.7  978559.61  0.03
110481  21 43 32 S  50 43 17 O  419  978579.98  0.03
110581  22 07 22 S  51 23 20 O  471  978596.78  0.03
110681  21 45 12.0 S  52 06 48.0 O  271  978627.24  0.03
110781  21 45 00 S  53 17 30 O  430  978595.35  0.03
110881  21 28 14.9 S  54 23 01.7 O  413  978578.18  0.03
110981  20 27 51.4 S  54 36 58.9 O  541  978495.07  0.03
111081  19 24 59.8 S  54 33 12.2 O  639  978407.23  0.03
111181  18 30 23.0 S  54 45 39.0 O  201  978485.99  0.03
111281  17 28 56.0 S  54 44 23.0 O  517  978366.81  0.03
120181  22 13 41.7 S  54 48 37.8 O  442  978627.19  0.03
120281  22 32 15.0 S  55 43 51.2 O  665  978618.62  0.03
120382  23 06 13.7 S  55 13 46.5 O  483  978680.74  0.03
120482  23 41 03.8 S  54 33 43.9 O  339  978739.31  0.03
120582  24 05 00.9 S  54 14 39.4 O  258  978795.32  0.03
120682  24 16 50 S  53 50 23 O  336  978791.44  0.03
120782  24 57 58 S  53 26 59 O  785  978732.81  0.03
120882  25 24 29 S  52 25 03 O  851  978708.33  0.03
120982  25 23 31 S  51 28 38 O  1108  978670  0.02
121082  25 06 00 S  50 09 00 O  945  978713.29  0.02
121182  25 25 42 S  49 16 25 O  938  978753.54  0.02
121282  25 25 00 S  49 16 00 O  900  978763.47  0.02
121382  24 39 21 S  49 00 23 O  168  978835.75  0.02
121482  24 00 21 S  48 20 58 O  704  978670.44  0.02
121582  23 29 56 S  47 27 30 O  598  978652.67  0.02
121682  25 17 28 S  54 05 38 O  417  978832.16  0.03
121782  25 32 54 S  54 35 19 O  184  978906.45  0.04
130182  26 18 00 S  48 50 00 O  8  979015.2  0.02
130282  26 54 28 S  48 39 43 O  2  979049.79  0.02
130382  27 35 00 S  48 34 00 O  8  979112.44  0.02
130482  27 35 30 S  48 34 34 O  9  979105.43  0.03
130582  28 14 24 S  48 40 13 O  4  979163.81  0.03
130682  28 40 39 S  49 22 11 O  47  979146.09  0.03
130782  28 40 39 S  49 22 11 O  48  979145.91  0.03
130882  29 20 29.9 S  49 43 40.5 O  20  979220.97  0.03
130982  29 20 00 S  49 44 00 O  20  979220.93  0.03
131082  29 53 17 S  50 16 08 O  19  979276.19  0.03
131182  30 02 18 S  51 12 30 O  55  979304.96  0.02
131282  30 01 38 S  51 13 51 O  8  979304.96  0.03
131382  29 30 07 S  51 58 03 O  50  979246.88  0.02
131482  28 49 06 S  52 30 37 O  734  979049.27  0.02
131582  28 17 02 S  52 47 30 O  611  979042  0.02
131682  28 17 02 S  52 47 11 O  612  979041.43  0.03
131782  27 56 35.2 S  52 55 32.0 O  511  979012.48  0.03
131882  27 11 45.3 S  53 15 00.9 O  242  979001.47  0.03
131982  26 43 48.0 S  53 30 48.1 O  692  978864.69  0.03
132082  26 43 25 S  53 30 58 O  692  978864.53  0.03
132182  26 15 12.0 S  53 38 24 O  836  978803.51  0.03
132282  26 04 25 S  53 43 34 O  553  978849.65  0.03
132382  25 44 37 S  53 03 29 O  514  978809.65  0.03
132487  26 54 28 S  48 39 43 O  4  979049.79  0.05
140183  28 23 17.8 S  53 54 54.9 O  337  979108.2  0.02
140283  28 24 29.7 S  54 57 38.9 O  267  979118.53  0.02
140383  28 39 40.4 S  56 00 20.7 O  104  979183.52  0.02
140483  29 07 18 S  56 33 25 O  72  979242.87  0.02
140583  29 45 00.0 S  57 05 14.0 O  74  979292.59  0.02
140683  29 45 26.0 S  57 05 14.0 O  88  979290.1  0.03
140783  29 47 00 S  55 48 00 O  106  979278.73  0.03
140883  30 15 00 S  54 55 30 O  128  979315.65  0.03
140983  30 15 30 S  54 54 51 O  139  979313.52  0.03
141083  30 54 00 S  55 32 12 O  198  979349.76  0.03
141183  30 53 20.0 S  55 31 52.0 O  222  979344.49  0.02
141283  30 59 06 S  54 40 12 O  157  979384.38  0.02
141383  31 19 53.0 S  54 06 20.0 O  216  979388.39  0.02
141483  31 34 45.0 S  53 22 54.0 O  451  979362.62  0.02
141583  31 45 36 S  52 20 24 O  20  979466.59  0.02
141683  31 45 36 S  52 20 24 O  14  979468  0.03
141783  32 30 18 S  52 35 24 O  22  979536.94  0.02
141883  33 41 33.0 S  53 27 23.0 O  26  979655.74  0.02
141983  33 51 18 S  53 27 00 O  23  979645.51  0.03
142083  30 51 07.0 S  51 49 05.0 O  65  979389.73  0.03
150184  12 26 00.1 S  38 19 43.9 O  50  978239.55  0.03
150284  11 56 35 S  38 05 01.9 O  53  978210.74  0.03
150384  11 48 14.0 S  37 56 41.0 O  131  978241.07  0.03
150484  11 16 09.9 S  37 26 15.2 O  43  978238.73  0.03
150584  10 59 44 S  37 18 19 O  1  978208.09  0.03
150684  10 54 28 S  37 03 56 O  -1  978199.19  0.03
150784  10 44 21 S  37 05 03 O  1  978199.83  0.03
150884  10 12 35 S  36 49 59 O  5  978177.96  0.03
150984  10 53 18 S  37 03 30 O  -3  978200.84  0.03
151084  09 55 49.5 S  36 28 27.7 O  168  978155.81  0.03
151184  09 46 53.5 S  36 05 37.2 O  4  978152.15  0.03
151284  09 30 09 S  36 01 23 O  47  978160.22  0.03
151384  09 40 06 S  35 44 06 O  105  978127.26  0.03
151484  09 39 55.6 S  35 44 08.4 O  6  978141.66  0.04
151584  09 08 42 S  35 45 48 O  88  978144.29  0.03
151684  08 41 08 S  35 35 24 O  103  978126.65  0.03
151784  08 30 40 S  35 22 39 O  91.69  978128.91  0.03
151884  08 17 19.6 S  35 02 21.7 O  24  978158.14  0.03
160184  07 20 06 S  47 28 25 O  152  978030.08  0.03
160284  07 21 44 S  46 37 04 O  359  977976.01  0.03
160384  07 31 33 S  46 02 01 O  240  977984.3  0.03
160484  07 00 30 S  45 28 30 O  215  978006.39  0.03
160584  06 48 48 S  44 38 44 O  285  977991.5  0.03
160684  06 36 13 S  44 04 36 O  229  977994.1  0.02
160784  06 30 05 S  43 42 09 O  307  977993.84  0.02
160884  06 46 03.4 S  43 01 19.4 O  93  978037.52  0.02
160984  06 14 34 S  42 51 20 O  84  978019.55  0.02
161085  06 46 02.4 S  43 01 18.4 O  92  978037.52  0.02
170184  04 49 40 S  42 10 06 O  106  977998.15  0.02
170284  04 16 24.7 S  41 46 39.5 O  144  978002.28  0.02
170384  03 43 49.4 S  41 00 46.3 O  761  977872.65  0.02
170484  03 41 17.1 S  40 20 51.3 O  56  978006.59  0.03
170584  03 40 58.4 S  39 35 22.3 O  243  977985.89  0.03
170684  03 46 23.4 S  38 32 09.3 O  12  978067.97  0.03
170784  03 49 55.4 S  38 29 37.3 O  18  978065.74  0.03
170884  04 10 20.0 S  38 27 50.0 O  65  978055.49  0.03
170984  04 58 10.0 S  39 00 42.0 O  175.1  978037.02  0.03
171084  05 12 01.4 S  39 17 45.3 O  182  978022.67  0.03
171184  5  44 27.4 S  39 37 55.3 O  235  978006.44  0.03
171284  06 05 41.3 S  39 27 08.3 O  306.49  977983.07  0.03
171384  06 21 35.3 S  39 17 56.3 O  206.2  977994.25  0.03
171484  06 24 09.0 S  38 51 36.0 O  143  978029.58  0.03
171584  06 47 12 S  38 43 06 O  265  978016.1  0.03
171669  03 43 30 S  38 29 30 O  16  978067.83  0.05
180185  07 35 59 S  43 01 37 O  246  978010.6  0.02
180285  08 06 37.5 S  42 56 41.4 O  252  978032.28  0.02
180385  08 05 53.9 S  43 39 47.9 O  240  978012.69  0.02
180485  09 04 22.0 S  44 21 37.0 O  272  978034.2  0.03
180585  09 29 11.5 S  44 35 10.5 O  273  978074.02  0.03
180685  09 49 58.0 S  45 20 34.0 O  466  978039.18  0.03
180785  10 26 34.0 S  45 09 46.0 O  423  978083.67  0.03
180885  10 39 03.5 S  45 10 59.5 O  454  978062.82  0.03
180985  11 02 54 S  45 11 35 O  473  978035.8  0.03
181085  11 44 47 S  44 54 36 O  478  978063.26  0.02
181187  10 26 36 S  45 09 44 O  422  978083.77  0.03
190185  12 14 03.0 S  44 24 56.0 O  676  978045.48  0.03
190285  12 12 01.6 S  43 40 32.5 O  457  978084.72  0.03
190385  12 58 56.6 S  44 02 49.5 O  522  978113.76  0.03
190485  13 23 31.6 S  44 11 46.7 O  447  978163.73  0.03
190585  13 49 52.8 S  44 27 21.7 O  645  978150.71  0.03
190685  14 11 00.7 S  44 32 07.9 O  548  978161.82  0.03
190785  14 25 16.8 S  44 21 56.9 O  499  978174.92  0.03
190885  14 45 20.9 S  43 55 55.9 O  442  978200.79  0.03
190985  15 06 06 S  44 05 35 O  441  978223.94  0.03
191085  15 29 18.6 S  44 21 43.5 O  443  978254.81  0.03
191185  15 54 12.8 S  44 18 18.8 O  769  978180.53  0.03
191285  16 15 47.0 S  44 09 52.6 O  788  978189.26  0.03
200186  04 07 48.8 S  38 14 02.9 O  21  978062.75  0.03
200286  04 33 43.4 S  37 46 12.2 O  -2  978090.12  0.03
200386  05 11 22.4 S  37 20 40.5 O  10  978078.466  0.011
200486  05 34 33.6 S  36 54 53.6 O  40  978080.58  0.04
200586  05 41 49 S  36 14 34 O  194  978033.19  0.04
200686  05 49 01.5 S  35 49 23.8 O  113  978070.99  0.04
200786  05 55 06 S  35 14 48 O  41  978100.13  0.04
200886  05 46 37 S  35 12 13 O  -2  978117.26  0.04
200986  06 22 51.2 S  35 07 45.9 O  0  978111.38  0.04
201086  07 07 38 S  34 51 36 O  43  978135.54  0.04
201186  07 07 21.2 S  34 53 04.4 O  44  978134.94  0.04
201286  07 33 32.2 S  34 59 50.0 O  9  978151.33  0.04
201310  00 55 00.5  29 20 44.7 O  9.53  978240.66  0.06
201410  00 55 00.9  29 20 45.3 O  18.03  978236.72  0.06
201510  00 54 59.8  29 20 45.1 O  10.46  978240.404  0.06
201611  03 50 16.8 S  32 24 35.6 O  93.01  978283.453  0.027
201711  03 50 00.4 S  32 23 55.9 O  60.44  978292.841  0.027
210186  16 03 50.9 S  57 41 02.0 O  127.2  978382.85  0.03
210286  16 04 10.5 S  57 41 22.8 O  127  978382.99  0.03
210386  15 51 11.5 S  58 27 38.9 O  167  978385.93  0.03
210486  15 13 39.0 S  59 20 23.0 O  266  978302.52  0.03
210586  13 39 53.6 S  59 47 34.6 O  700  978152.1  0.03
210686  12 45 05.4 S  60 08 32.9 O  604  978134.6  0.03
210786  12 44 05.9 S  60 08 04.6 O  604  978130.16  0.04
210886  11 52 00 S  60 43 00 O  564  978172.71  0.03
210986  11 40 54.0 S  61 11 04.0 O  209  978208.21  0.03
211086  11 26 29 S  61 26 42 O  210  978207.71  0.03
211186  10 52 44 S  61 56 43 O  152  978158.18  0.03
211286  10 52 58.4 S  61 56 39.8 O  170  978159.33  0.02
211386  10 26 21 S  63 27 57 O  180  978184.66  0.03
211486  09 55 43.3 S  63 03 31.7 O  132  978162.84  0.03
211586  09 24 00 S  63 15 00 O  113  978141.25  0.03
220187  10 23 29 S  44 38 21 O  318.85  978111.65  0.03
220287  10 02 11 S  44 18 22 O  313.79  978109.8  0.03
220387  10 08 12 S  43 56 55 O  422.61  978077.71  0.03
230187  09 00 55 S  42 41 58 O  318.64  978088.04  0.03
230287  09 37 18 S  42 04 53 O  322  978018.53  0.03
230387  09 09 44 S  40 50 17 O  361.69  978026.96  0.03
240187  09 24 46 S  40 30 40 O  356  978041.98  0.03
240287  08 48 18.0 S  39 49 22.0 O  342.76  978024.15  0.03
240387  08 30 43.0 S  39 18 24.0 O  314.75  978050.64  0.03
240487  08 44 58.0 S  38 57 29.0 O  310.86  978059.37  0.03
240587  08 36 08.0 S  38 34 06.0 O  307.44  978063.59  0.04
240687  09 20 00.0 S  38 15 00.0 O  232.7  978083.53  0.04
240787  09 21 00.0 S  38 16 00.0 O  248.57  978083.78  0.04
240887  09 32 10.0 S  37 17 33.0 O  277.63  978075.16  0.04
240987  09 45 03.0 S  36 39 39.0 O  256.45  978122.21  0.03
241087  09 44 50.0 S  36 39 56.0 O  255.95  978122.37  0.04
260187  17 44 01.0 S  39 15 59.0 O  -2.87  978511.3  0.03
260287  17 32 03.2 S  39 44 41.4 O  107  978453.24  0.03
260387  17 02 23.0 S  39 31 40.0 O  10.79  978446.67  0.03
260487  16 22 38.0 S  39 35 10.0 O  177.86  978379.69  0.03
260587  15 25 09.9 S  39 29 44.8 O  171.15  978343.6  0.03
260687  14 45 16.6 S  39 16 23.3 O  46.77  978362.58  0.03
260787  14 47 15.6 S  39 16 24.7 O  46.31  978362.57  0.03
260887  14 47 20.0 S  39 02 58.0 O  -4.2  978446.12  0.03
260987  15 14 56.0 S  40 14 52.0 O  268.82  978267.25  0.03
261087  13 44 38.0 S  39 29 12.0 O  153.58  978250.34  0.03
261187  12 58 08.0 S  39 15 47 O  202  978215.71  0.03
270188  00 03 00.0  51 04 07.0 O  -7  978042.8  0.02
270288  00 03 06.0  51 04 08.0 O  -7.12  978045.67  0.02
270388  05 19 59 S  49 06 00 O  56  978019.01  0.02
270488  05 20 48 S  49 06 07 O  60  978024.08  0.03
270588  08 15 28.0 S  49 15 53.0 O  142.29  978027.81  0.02
270688  02 36 01.3 S  44 18 31.4 O  -0.05  977975.64  0.02
270788  02 32 01.7 S  44 17 16.5 O  1.27  977979.58  0.02
270888  00 52 40.0 S  52 31 50.0 O  25.81  977963.77  0.02
270988  00 52 40.0 S  52 31 50.0 O  25.81  977988.74  0.02
271088  03 50 35.0  51 50 06.0 O  -13.82  978023.03  0.02
271188  03 12 12 S  52 12 23 O 85  977961.06  0.02
271288  03 12 12 S  52 12 25 O  72  977967.65  0.02
271388  06 38 16 S  51 57 28 O  191.71  977999.5  0.02
271488  11 37 57.7 S  50 41 10.0 O  183.34  978124.84  0.02
271588  11 37 02 S  50 40 10 O  178  978125.26  0.02
271688  08 16 00 S  49 15 57 O  150.07  978028.51  0.03
271788  08 52 17 S  49 42 46 O  159  978097.06  0.02
280191  02 40 09.0 S  56 46 12.0 O  11.43  978057.17  0.02
280291  04 07 54.9 S  63 08 06.0 O  39  977995.3  0.03
280391  04 23 16 S  59 35 38 O  37.09  978070.3  0.02
280491  07 16 56.0 S  64 46 18.0 O  84.31  978080.85  0.02
280591  12 25 42 S  64 15 08 O  164.43  978256.21  0.02
280691  01 29 18 S  56 24 00 O  80.07  978025.4  0.02
280791  03 22 27.0 S  57 43 25.0 O  12.47  978083.57  0.02
290191  02 02 03.9 S  60 01 30.0 O  67.92  978011.65  0.02
290291  01 18 59.5 S  60 23 23.0 O  55.91  978029.11  0.02
290391  00 13 40.0 S  60 41 50.0 O  50.37  978015.86  0.02
290491  0 56 46.0  60 25 43.0 O  87.41  978014.52  0.03
290591  01 49 00  61 07 41 O   978028.44  0.02
290691  02 23 26  60 55 02 O  73.15  978007.83  0.02
290791  03 27 50  60 54 37 O  67.83  978020.72  0.02
290891  04 15 30  61 03 24 O  83.68  977959.09  0.02
290991  04 30 17  61 09 23 O  924.36  977813.23  0.01
300194  14 23 03 S  56 23 50 O  454  978215.3  0.03
300294  13 26 48 S  56 43 17 O  352.2  978225.26  0.03
300394  11 51 52 S  55 30 14 O  369.99  978082.36  0.03
300494  10 31 01 S  55 13 51 O  240.42  978093.64  0.03
300594  09 52 32 S  56 05 10 O  276.12  978114.75  0.03
300694  09 51 58 S  56 06 16 O  282.16  978115.51  0.03
300794  11 32 07 S  57 24 52 O  258.52  978163.9  0.03
300894  11 32 07 S  57 24 52 O  258.52  978164.05  0.03
300994  11 22 42 S  58 44 28 O  445.48  978139.62  0.03
301094  11 30 00 S  58 53 00 O  334.69  978151.92  0.03
301194  10 10 00 S  59 27 34 O  106.62  978092.61  0.03
301294  10 52 44 S  61 56 43 O  170.09  978125.28  0.03
310194  20 28 08 S  54 40 11 O  102  978490.72  0.03
310294  19 00 41 S  57 40 15 O  144  978555.63  0.04
310394  19 00 00 S  57 39 00 O  144  978558.89  0.04
310594  09 41 50 S  65 21 30 O  120  978140.96  0.03
310694  10 47 29 S  65 20 39 O  152  978203.62  0.04
310894  11 00 54 S  68 44 55 O  265  978154.98  0.03
CAL01  23 00 25 S  44 18 55 O  3  978768.84  0.015
CAL02  22 29 48 S  44 40 42 O  477  978601.078  0.006
CAL03  22 24 22.5 S  44 45 08.7 O  1232  978419.483  0.009
CAL04  22 22 36.1 S  44 45 37.1 O  1672  978325.514  0.008
CAL05  22 22 22.4 S  44 42 13.9 O  2452  978163.000  0.008
IfE152  23 00 14 S  46 57 53 O  865  978563.728  0.008
IfE162  25 27 15 S  49 14 16 O  910  978760.387  0.0021